Running 1m test @ http://192.168.1.2
  2 threads and 20 connections
  Thread calibration: mean lat.: 1.148ms, rate sampling interval: 10ms
  Thread calibration: mean lat.: 1.300ms, rate sampling interval: 10ms
  Thread Stats   Avg      Stdev     Max   +/- Stdev
    Latency   773.18us    0.96ms  29.38ms   92.49%
    Req/Sec    67.52k     4.06k   89.00k    65.19%
  Latency Distribution (HdrHistogram - Recorded Latency)
 50.000%  548.00us
 75.000%    0.88ms
 90.000%    1.45ms
 99.000%    4.58ms
 99.900%   10.89ms
 99.990%   22.09ms
 99.999%   28.90ms
100.000%   29.39ms

  Detailed Percentile spectrum:
       Value   Percentile   TotalCount 1/(1-Percentile)

       0.064     0.000000            1         1.00
       0.191     0.100000       645226         1.11
       0.271     0.200000      1285624         1.25
       0.355     0.300000      1919022         1.43
       0.447     0.400000      2563323         1.67
       0.548     0.500000      3201920         2.00
       0.603     0.550000      3519898         2.22
       0.662     0.600000      3836795         2.50
       0.727     0.650000      4160600         2.86
       0.799     0.700000      4479748         3.33
       0.881     0.750000      4796829         4.00
       0.928     0.775000      4956694         4.44
       0.980     0.800000      5116813         5.00
       1.037     0.825000      5275453         5.71
       1.111     0.850000      5436179         6.67
       1.237     0.875000      5594916         8.00
       1.333     0.887500      5674537         8.89
       1.447     0.900000      5755048        10.00
       1.577     0.912500      5834404        11.43
       1.732     0.925000      5914526        13.33
       1.924     0.937500      5994527        16.00
       2.040     0.943750      6034347        17.78
       2.175     0.950000      6074206        20.00
       2.331     0.956250      6114281        22.86
       2.525     0.962500      6154268        26.67
       2.767     0.968750      6194291        32.00
       2.911     0.971875      6214201        35.56
       3.077     0.975000      6234157        40.00
       3.273     0.978125      6254036        45.71
       3.509     0.981250      6274060        53.33
       3.801     0.984375      6293934        64.00
       3.977     0.985938      6304018        71.11
       4.179     0.987500      6313987        80.00
       4.411     0.989062      6323945        91.43
       4.699     0.990625      6334004       106.67
       5.047     0.992188      6343904       128.00
       5.255     0.992969      6348974       142.22
       5.507     0.993750      6353950       160.00
       5.791     0.994531      6358934       182.86
       6.107     0.995313      6363878       213.33
       6.463     0.996094      6368912       256.00
       6.687     0.996484      6371361       284.44
       6.959     0.996875      6373870       320.00
       7.283     0.997266      6376354       365.71
       7.671     0.997656      6378853       426.67
       8.223     0.998047      6381369       512.00
       8.615     0.998242      6382609       568.89
       9.047     0.998437      6383851       640.00
       9.535     0.998633      6385106       731.43
      10.159     0.998828      6386353       853.33
      10.983     0.999023      6387601      1024.00
      11.471     0.999121      6388223      1137.78
      12.087     0.999219      6388842      1280.00
      12.735     0.999316      6389468      1462.86
      13.447     0.999414      6390091      1706.67
      14.407     0.999512      6390717      2048.00
      15.095     0.999561      6391029      2275.56
      15.727     0.999609      6391343      2560.00
      16.415     0.999658      6391652      2925.71
      16.911     0.999707      6391965      3413.33
      17.455     0.999756      6392278      4096.00
      18.031     0.999780      6392433      4551.11
      18.735     0.999805      6392591      5120.00
      19.215     0.999829      6392749      5851.43
      20.351     0.999854      6392902      6826.67
      21.327     0.999878      6393059      8192.00
      21.471     0.999890      6393135      9102.22
      22.287     0.999902      6393213     10240.00
      23.071     0.999915      6393291     11702.86
      24.191     0.999927      6393369     13653.33
      24.623     0.999939      6393449     16384.00
      24.783     0.999945      6393487     18204.44
      25.263     0.999951      6393526     20480.00
      25.663     0.999957      6393564     23405.71
      25.903     0.999963      6393603     27306.67
      27.199     0.999969      6393642     32768.00
      27.743     0.999973      6393664     36408.89
      27.855     0.999976      6393681     40960.00
      28.095     0.999979      6393701     46811.43
      28.383     0.999982      6393720     54613.33
      28.575     0.999985      6393740     65536.00
      28.687     0.999986      6393752     72817.78
      28.767     0.999988      6393759     81920.00
      28.895     0.999989      6393774     93622.86
      28.959     0.999991      6393780    109226.67
      29.023     0.999992      6393789    131072.00
      29.055     0.999993      6393798    145635.56
      29.055     0.999994      6393798    163840.00
      29.119     0.999995      6393804    187245.71
      29.167     0.999995      6393808    218453.33
      29.231     0.999996      6393817    262144.00
      29.231     0.999997      6393817    291271.11
      29.247     0.999997      6393818    327680.00
      29.263     0.999997      6393822    374491.43
      29.279     0.999998      6393827    436906.67
      29.279     0.999998      6393827    524288.00
      29.279     0.999998      6393827    582542.22
      29.295     0.999998      6393828    655360.00
      29.327     0.999999      6393830    748982.86
      29.327     0.999999      6393830    873813.33
      29.343     0.999999      6393832   1048576.00
      29.343     0.999999      6393832   1165084.44
      29.359     0.999999      6393833   1310720.00
      29.359     0.999999      6393833   1497965.71
      29.375     0.999999      6393836   1747626.67
      29.375     1.000000      6393836   2097152.00
      29.375     1.000000      6393836   2330168.89
      29.375     1.000000      6393836   2621440.00
      29.375     1.000000      6393836   2995931.43
      29.375     1.000000      6393836   3495253.33
      29.375     1.000000      6393836   4194304.00
      29.375     1.000000      6393836   4660337.78
      29.375     1.000000      6393836   5242880.00
      29.375     1.000000      6393836   5991862.86
      29.391     1.000000      6393837   6990506.67
      29.391     1.000000      6393837          inf
#[Mean    =        0.773, StdDeviation   =        0.957]
#[Max     =       29.376, Total count    =      6393837]
#[Buckets =           27, SubBuckets     =         2048]
----------------------------------------------------------

  Latency Distribution (HdrHistogram - Uncorrected Latency (measured without taking delayed starts into account))
 50.000%  117.00us
 75.000%  144.00us
 90.000%  167.00us
 99.000%  218.00us
 99.900%  272.00us
 99.990%  355.00us
 99.999%  505.00us
100.000%    5.90ms

  Detailed Percentile spectrum:
       Value   Percentile   TotalCount 1/(1-Percentile)

       0.061     0.000000            5         1.00
       0.088     0.100000       701313         1.11
       0.095     0.200000      1362305         1.25
       0.101     0.300000      1921217         1.43
       0.109     0.400000      2623794         1.67
       0.117     0.500000      3207075         2.00
       0.122     0.550000      3519178         2.22
       0.128     0.600000      3860430         2.50
       0.133     0.650000      4162098         2.86
       0.138     0.700000      4478941         3.33
       0.144     0.750000      4848759         4.00
       0.146     0.775000      4964917         4.44
       0.149     0.800000      5126736         5.00
       0.153     0.825000      5315611         5.71
       0.156     0.850000      5436475         6.67
       0.161     0.875000      5607007         8.00
       0.164     0.887500      5694979         8.89
       0.167     0.900000      5774250        10.00
       0.170     0.912500      5845452        11.43
       0.174     0.925000      5930822        13.33
       0.178     0.937500      6006097        16.00
       0.180     0.943750      6039961        17.78
       0.183     0.950000      6085898        20.00
       0.186     0.956250      6125994        22.86
       0.189     0.962500      6160909        26.67
       0.193     0.968750      6200022        32.00
       0.195     0.971875      6217256        35.56
       0.198     0.975000      6239770        40.00
       0.201     0.978125      6259207        45.71
       0.204     0.981250      6276088        53.33
       0.208     0.984375      6295054        64.00
       0.211     0.985938      6307210        71.11
       0.213     0.987500      6314632        80.00
       0.216     0.989062      6324742        91.43
       0.220     0.990625      6336196       106.67
       0.224     0.992188      6345869       128.00
       0.226     0.992969      6350084       142.22
       0.228     0.993750      6353899       160.00
       0.231     0.994531      6358995       182.86
       0.235     0.995313      6364829       213.33
       0.239     0.996094      6369669       256.00
       0.241     0.996484      6371746       284.44
       0.244     0.996875      6374415       320.00
       0.247     0.997266      6376834       365.71
       0.250     0.997656      6378907       426.67
       0.255     0.998047      6381712       512.00
       0.257     0.998242      6382638       568.89
       0.260     0.998437      6383855       640.00
       0.264     0.998633      6385300       731.43
       0.268     0.998828      6386509       853.33
       0.273     0.999023      6387774      1024.00
       0.275     0.999121      6388229      1137.78
       0.279     0.999219      6388932      1280.00
       0.283     0.999316      6389567      1462.86
       0.287     0.999414      6390139      1706.67
       0.292     0.999512      6390732      2048.00
       0.295     0.999561      6391037      2275.56
       0.299     0.999609      6391379      2560.00
       0.303     0.999658      6391699      2925.71
       0.307     0.999707      6391977      3413.33
       0.314     0.999756      6392313      4096.00
       0.317     0.999780      6392441      4551.11
       0.322     0.999805      6392603      5120.00
       0.329     0.999829      6392764      5851.43
       0.335     0.999854      6392917      6826.67
       0.343     0.999878      6393064      8192.00
       0.349     0.999890      6393140      9102.22
       0.356     0.999902      6393219     10240.00
       0.364     0.999915      6393298     11702.86
       0.372     0.999927      6393375     13653.33
       0.381     0.999939      6393454     16384.00
       0.387     0.999945      6393489     18204.44
       0.395     0.999951      6393528     20480.00
       0.401     0.999957      6393567     23405.71
       0.409     0.999963      6393605     27306.67
       0.418     0.999969      6393643     32768.00
       0.424     0.999973      6393665     36408.89
       0.433     0.999976      6393682     40960.00
       0.443     0.999979      6393702     46811.43
       0.455     0.999982      6393721     54613.33
       0.473     0.999985      6393740     65536.00
       0.482     0.999986      6393750     72817.78
       0.495     0.999988      6393759     81920.00
       0.502     0.999989      6393769     93622.86
       0.546     0.999991      6393779    109226.67
       0.626     0.999992      6393789    131072.00
       0.727     0.999993      6393794    145635.56
       0.760     0.999994      6393798    163840.00
       0.791     0.999995      6393803    187245.71
       1.531     0.999995      6393808    218453.33
       4.563     0.999996      6393813    262144.00
       5.119     0.999997      6393816    291271.11
       5.635     0.999997      6393818    327680.00
       5.663     0.999997      6393820    374491.43
       5.679     0.999998      6393823    436906.67
       5.695     0.999998      6393825    524288.00
       5.711     0.999998      6393827    582542.22
       5.715     0.999998      6393829    655360.00
       5.715     0.999999      6393829    748982.86
       5.719     0.999999      6393830    873813.33
       5.735     0.999999      6393831   1048576.00
       5.743     0.999999      6393833   1165084.44
       5.743     0.999999      6393833   1310720.00
       5.743     0.999999      6393833   1497965.71
       5.751     0.999999      6393835   1747626.67
       5.751     1.000000      6393835   2097152.00
       5.751     1.000000      6393835   2330168.89
       5.751     1.000000      6393835   2621440.00
       5.751     1.000000      6393835   2995931.43
       5.759     1.000000      6393836   3495253.33
       5.759     1.000000      6393836   4194304.00
       5.759     1.000000      6393836   4660337.78
       5.759     1.000000      6393836   5242880.00
       5.759     1.000000      6393836   5991862.86
       5.899     1.000000      6393837   6990506.67
       5.899     1.000000      6393837          inf
#[Mean    =        0.124, StdDeviation   =        0.034]
#[Max     =        5.896, Total count    =      6393837]
#[Buckets =           27, SubBuckets     =         2048]
----------------------------------------------------------
  7677020 requests in 1.00m, 6.14GB read
Requests/sec: 127950.79
Transfer/sec:    104.81MB
